Sphere0: 9.131018
Sphere0: 8.020183
Sphere0: 21.43232
Sphere1: 10.77521
Sphere2: 4.836071
Sphere3: 8.354376
Sphere4: 1.687999
Sphere5: 1.719729
Sphere6: 2.413915
Sphere7: 1.533068
Sphere8: 5.719188
Sphere9: 12.204
Sphere10: 6.924826
Sphere11: 8.539671
Sphere0: 8.513144
Sphere1: 11.21107
Sphere2: 4.806674
Sphere3: 8.211464
Sphere0: 22.86981
Sphere1: 10.89171
Sphere2: 4.666588
Sphere3: 8.329064
Sphere4: 1.936427
Sphere5: 1.578138
Sphere6: 2.258975
Sphere7: 1.413433
Sphere8: 5.415568
Sphere9: 11.09391
Sphere10: 14.90035
Sphere11: 14.41734
